[[0.75801877 0.75910975 0.74405411 0.76849225 0.77678377 0.77612917
  0.77067423 0.75409121 0.76020074 0.76871045]
 [0.79620336 0.78725726 0.79947633 0.80689505 0.79467598 0.80689505
  0.79053022 0.80100371 0.79598516 0.79576696]
 [0.81431377 0.81867772 0.81278638 0.81453197 0.81736854 0.81715034
  0.81911412 0.80907702 0.81431377 0.81715034]
 [0.81824133 0.82544185 0.81845952 0.82129609 0.82260528 0.82325987
  0.82544185 0.82238708 0.8206415  0.8204233 ]
 [0.81453197 0.82587825 0.81867772 0.82325987 0.81998691 0.81693214
  0.81540476 0.81278638 0.8208597  0.81889592]
 [0.81234999 0.811259   0.81671394 0.81562295 0.81278638 0.81562295
  0.80885883 0.80885883 0.81780493 0.81758673]
 [0.79882173 0.80253109 0.81060441 0.80100371 0.80274929 0.80885883
  0.80842243 0.80580406 0.81605935 0.80907702]
 [0.77700196 0.77700196 0.77700196 0.22299804 0.77700196 0.77700196
  0.77700196 0.77700196 0.77700196 0.77700196]
 [0.22299804 0.77700196 0.77700196 0.77700196 0.77700196 0.77700196
  0.22299804 0.77700196 0.77700196 0.77700196]
 [0.77700196 0.77700196 0.77700196 0.22299804 0.77700196 0.77700196
  0.22299804 0.77700196 0.77700196 0.77700196]]